051369
064028
00003
00004
015645
074660
033247
077328
074651
000029
056846
060045
049396
003118
061703
015641
020748
061706
073929
074643
003480
033529
016113
061701
035493
033689
033303
057164
074642
074645
057316
059985
057578
058474
040070
040068
002950
033301
049371
049007
033262
081804
074631
047908
014750
047971
003344
000023
074630
080368
073928
081824
061826
064797
033744
043442
074641
11249396
057324
073049
074646
000011
000022
000210
047820
047673
037377
003150
020765
005174
020764
033520
003161
042912
051823
080649
080361
071559
081997
079826
000025
052107
055143
057315
057160
076402
061828
043488
002439
048337
033378
001397
043512
001335
047760
040071
047961
001341
043473
048012
059392
066471
051846
056853
061756
051827
082053
061827
084440
058821
080377
075098
072657
063114
082050
061004
051835
084418
073047
074637
080367
057357
069252
069282
069723
047708
016117
047906
043474
047685
038937
040065
043441
048009
047680
033685
047706
045662
046738
047780
047330
049698
047661
049330
047666
047674
043519
044818
049009
080651
084448
073048
063115
073930
074635
057314
074636
061753
051822
058818
000018
059940
055017
055189
051401
083491
060273
061755
067398
085102
13196815
069246
00005
075099
071557
075385
080652
069248
071561
076405
081898
054825
082016
069260
061751
069281
083775
073475
080355
084449
057157
11085273
080365
051845
069719
00001
000020
058921
054829
059331
055140
080646
000024
001395
033381
047782
042638
047775
016055
047828
033235
027036
043444
037829
043470
033353
003815
047779
033383
002337
033808
033617
003121
040482
003124
048017
003132
037825
043515
049916
047736
044411
047774
020763
034018
001023
001337
047806
033245
047827
034020
033533
003136
047959
000077
033499
001394
001398
033351
002329
020761
047679
043471
033352
043472
015603
003596
000054
082017
050053
084438
074632
00009
074633
060552
067710
067711
061697
068346
000017
068347
072656
068350
083776
059393
084447
074644
10134741
069245
12232818
061708
052264
074648
000013
074650
000021
061710
072655
074652
060514
074653
083774
069250
084419
061712
084441
069254
000027
061714
085112
069265
10196175
076403
069266
076406
064746
069272
00007
078669
074032
054827
000015
078813
000019
079548
067709
057159
082018
079827
082051
069283
082059
069334
073031
083773
054828
060677
080363
084424
069721
052219
061754
084446
069725
060869
069731
085093
069732
085108
069733
085113
055141
10196174
080650
10196176
070732
073328
070734
11619510
081384
12923984
081386
081425
00002
081489
061699
081514
00006
081517
00008
081520
000010
081772
000012
070735
000014
070736
000016
081811
066757
060263
074564
061757
051195
058819
071882
073050
000026
073051
000028
073245
000030
073248
073249
040062
047875
047773
040438
047964
040443
040446
047787
026842
001407
047993
040484
000146
027038
047743
003137
016053
003142
037376
001454
037514
040518
047943
001455
047972
003173
038939
042913
001399
001339
047740
043432
000057
043436
015717
043437
047781
043440
037374
003203
037379
001463
047893
002302
047924
043449
047940
043451
000998
002304
047968
047991
003492
020118
048018
003496
020762
043480
040082
043481
047702
043482
047707
043483
034022
043485
047741
047758
043489
047768
043492
000219
043511
034026
003539
037369
002305
037370
043520
047808
001332
000449
003746
047831
044789
047879
000056
037399
003816
047917
047939
045660
047946
046467
037827
046469
047965
003865
003123
046870
047988
046872
038931
004088
047995
002376
000066
033827
040061
005480
048019
003128
033907
003130
014739
047682
040084
038934